Total nonsquare d in [2,6000]: 5923
Negative-Pell solvable (odd period): 815
Negative-Pell UNsolvable (even period): 5108
  of which is_finite=True: 957  (fraction 0.1874)

Cross-tab: is_finite by fundamental y0 (negative-Pell solvable d only)
    y0  n_finite  n_infinite   total
     1        77           0      77
     5        30           0      30
    13         0          12      12
    17         0           8       8
    25         0           6       6
    29         0           4       4
    37         0           4       4
    41         0           4       4
    53         0           3       3
    61         0           3       3
    65         0           4       4
    73         0           2       2
    85         0           4       4
    89         0           2       2
    97         0           2       2
   109         0           2       2
   113         0           1       1
   125         0           1       1
   137         0           1       1
   145         0           1       1
   149         0           1       1
   157         0           1       1
   173         0           1       1
   181         0           1       1
   185         0           2       2
   193         0           1       1
   205         0           1       1
   221         0           2       2
   229         0           1       1
   241         0           1       1
   265         0           2       2
   269         0           1       1
   281         0           1       1
   313         0           1       1
   325         0           1       1
   365         0           1       1
   373         0           1       1
   389         0           1       1
   421         0           1       1
   445         0           1       1
   457         0           1       1
   481         0           1       1
   493         0           1       1
   505         0           1       1
   521         0           1       1
   545         0           1       1
   569         0           1       1
   613         0           1       1
   685         0           1       1
   689         0           1       1
   733         0           1       1
   745         0           1       1
   761         0           1       1
   821         0           1       1
   841         0           1       1
   857         0           1       1
   925         0           1       1
  1013         0           1       1
  1033         0           1       1
  1037         0           1       1
  1073         0           2       2
  1105         0           1       1
  1109         0           1       1
  1153         0           1       1
  1201         0           1       1
  1301         0           1       1
  1385         0           1       1
  1405         0           1       1
  1465         0           1       1
  1513         0           1       1
  1517         0           1       1
  1625         0           1       1
  1741         0           1       1
  1753         0           1       1
  1861         0           1       1
  1865         0           1       1
  1885         0           1       1
  1985         0           1       1
  1993         0           1       1
  2113         0           1       1
  2141         0           1       1
  2221         0           1       1
  2245         0           1       1
  2269         0           1       1
  2381         0           1       1
  2389         0           1       1
  2521         0           1       1
  2525         0           1       1
  2665         0           1       1
  2669         0           1       1
  2689         0           1       1
  2753         0           1       1
  2797         0           1       1
  2813         0           1       1
  2909         0           1       1
  2965         0           1       1
  2977         0           1       1
  3085         0           2       2
  3161         0           1       1
  3233         0           1       1
  3793         0           1       1
  3805         0           1       1
  4045         0           1       1
  4073         0           1       1
  4157         0           1       1
  4225         0           1       1
  4265         0           1       1
  4525         0           2       2
  5465         0           1       1
  5629         0           1       1
  6025         0           1       1
  6073         0           1       1
  6277         0           1       1
  7405         0           1       1
  7801         0           1       1
  8149         0           1       1
  8425         0           1       1
  9305         0           1       1
 10141         0           1       1
 10337         0           1       1
 10537         0           1       1
 10625         0           1       1
 13261         0           1       1
 17221         0           1       1
 17477         0           1       1
 18737         0           1       1
 19805         0           1       1
 20245         0           1       1
 22265         0           1       1
 22865         0           1       1
 23725         0           1       1
 24665         0           1       1
 25397         0           1       1
 26737         0           1       1
 29489         0           1       1
 30697         0           1       1
 30805         0           1       1
 32185         0           1       1
 38369         0           1       1
 40885         0           1       1
 43961         0           1       1
 48305         0           1       1
 49085         0           1       1
 49769         0           1       1
 51365         0           1       1
 58097         0           1       1
 62525         0           1       1
 63445         0           1       1
 64805         0           1       1
 66701         0           1       1
 72253         0           1       1
 77129         0           1       1
 89305         0           1       1
 91801         0           1       1
100217         0           1       1
101933         0           1       1
105205         0           1       1
111305         0           1       1
119177         0           1       1
121129         0           1       1
126985         0           1       1
133633         0           1       1
142805         0           1       1
144377         0           1       1
145657         0           1       1
170305         0           1       1
179057         0           1       1
182561         0           1       1
202645         0           1       1
208805         0           1       1
225641         0           1       1
241805         0           1       1
277325         0           1       1
287305         0           1       1
302693         0           1       1
325805         0           1       1
330361         0           1       1
359861         0           1       1
385645         0           1       1
487745         0           1       1
537965         0           1       1
620633         0           1       1
634621         0           1       1
685217         0           1       1
715949         0           1       1
791969         0           1       1
851525         0           1       1
856817         0           1       1
875485         0           1       1
887765         0           1       1
965005         0           1       1
1132421         0           1       1
1304305         0           1       1
1650989         0           1       1
1668413         0           1       1
1726877         0           1       1
1885573         0           1       1
1957873         0           1       1
1959313         0           1       1
2013301         0           1       1
2027117         0           1       1
2125597         0           1       1
2330233         0           1       1
2354245         0           1       1
2389165         0           1       1
2444845         0           1       1
2496325         0           1       1
2578145         0           1       1
2680393         0           1       1
2720965         0           1       1
2728333         0           1       1
2868869         0           1       1
2888845         0           1       1
2955565         0           1       1
3005869         0           1       1
3230669         0           1       1
4005185         0           1       1
4574225         0           1       1
5318297         0           1       1
5372621         0           1       1
5528801         0           1       1
5624309         0           1       1
6154873         0           1       1
6306469         0           1       1
6511837         0           1       1
6569705         0           1       1
7170685         0           1       1
7558625         0           1       1
8353189         0           1       1
8941705         0           1       1
9206293         0           1       1
10877729         0           1       1
11673589         0           1       1
11844089         0           1       1
12226525         0           1       1
12352985         0           1       1
12979985         0           1       1
13808525         0           1       1
17540333         0           1       1
19862705         0           1       1
19900973         0           1       1
21186853         0           1       1
21273853         0           1       1
22286801         0           1       1
23832181         0           1       1
23979605         0           1       1
24753805         0           1       1
25868957         0           1       1
27379157         0           1       1
28539025         0           1       1
31829893         0           1       1
35167093         0           1       1
39860585         0           1       1
42816161         0           1       1
43572829         0           1       1
43607329         0           1       1
47537785         0           1       1
49571353         0           1       1
55335641         0           1       1
61355941         0           1       1
63749573         0           1       1
70230257         0           1       1
79194481         0           1       1
82596761         0           1       1
85245197         0           1       1
86720773         0           1       1
87917453         0           1       1
88979677         0           1       1
89664965         0           1       1
121359005         0           1       1
121748885         0           1       1
144252265         0           1       1
152353237         0           1       1
169441225         0           1       1
169992665         0           1       1
180197965         0           1       1
227067685         0           1       1
236003105         0           1       1
236285629         0           1       1
245209385         0           1       1
253338581         0           1       1
281485037         0           1       1
285252185         0           1       1
286253965         0           1       1
316525525         0           1       1
326636249         0           1       1
328320865         0           1       1
347483377         0           1       1
362551121         0           1       1
384474773         0           1       1
442283465         0           1       1
451655377         0           1       1
471332977         0           1       1
481927261         0           1       1
519145421         0           1       1
520699145         0           1       1
535979945         0           1       1
645652957         0           1       1
676700861         0           1       1
694603585         0           1       1
736681465         0           1       1
742631993         0           1       1
767122541         0           1       1
826919185         0           1       1
896453945         0           1       1
1027776565         0           1       1
1046131225         0           1       1
1057830185         0           1       1
1426687145         0           1       1
1744287805         0           1       1
1802293837         0           1       1
1811697137         0           1       1
2042442361         0           1       1
2089868801         0           1       1
2104652225         0           1       1
2621173333         0           1       1
2667927065         0           1       1
2764111349         0           1       1
3581882825         0           1       1
3735869153         0           1       1
4042742285         0           1       1
4538292565         0           1       1
4929380825         0           1       1
5534176685         0           1       1
7821887005         0           1       1
7854416117         0           1       1
8602202005         0           1       1
10021140809         0           1       1
10470063061         0           1       1
11651714425         0           1       1
12427317505         0           1       1
14295472357         0           1       1
14921684753         0           1       1
15253424933         0           1       1
16659849949         0           1       1
21055860389         0           1       1
21327763309         0           1       1
21442721285         0           1       1
24837980029         0           1       1
27173152925         0           1       1
31730195029         0           1       1
36530621525         0           1       1
40188378845         0           1       1
42832956721         0           1       1
44444777033         0           1       1
47435409493         0           1       1
56140015265         0           1       1
74038651465         0           1       1
85737284777         0           1       1
86251464389         0           1       1
100729255465         0           1       1
108570751717         0           1       1
109499611105         0           1       1
111371502125         0           1       1
119151931205         0           1       1
129639819437         0           1       1
170082742829         0           1       1
178749849185         0           1       1
189177281677         0           1       1
218613092017         0           1       1
244842694225         0           1       1
245821958945         0           1       1
264124662125         0           1       1
355375843945         0           1       1
356278838045         0           1       1
357503394613         0           1       1
359338458529         0           1       1
566738044393         0           1       1
586466207477         0           1       1
650732728073         0           1       1
654881242805         0           1       1
931466115401         0           1       1
1005492958445         0           1       1
1057690129385         0           1       1
1376301898765         0           1       1
1628795259625         0           1       1
1881620424025         0           1       1
1951826504885         0           1       1
2494870556273         0           1       1
2572092051085         0           1       1
2678571934021         0           1       1
4128436006841         0           1       1
4200894462845         0           1       1
4375427790625         0           1       1
5602361167841         0           1       1
5689030769845         0           1       1
6411410360401         0           1       1
6945046160725         0           1       1
8201251823725         0           1       1
8359413933853         0           1       1
8626815105389         0           1       1
10103196286625         0           1       1
12199458671033         0           1       1
12804409669817         0           1       1
12954163655725         0           1       1
16015008052621         0           1       1
17665076095097         0           1       1
18323595738617         0           1       1
19454612624065         0           1       1
19973246547145         0           1       1
20824391977457         0           1       1
28228566508777         0           1       1
32727469539925         0           1       1
35757303002161         0           1       1
42229701559561         0           1       1
42747599804065         0           1       1
42882371327665         0           1       1
45316004646137         0           1       1
55888916317009         0           1       1
61529623622785         0           1       1
61557012315805         0           1       1
76506518214341         0           1       1
78216792565273         0           1       1
91494170720017         0           1       1
98937010028785         0           1       1
111402888773665         0           1       1
123312890998265         0           1       1
137998951780205         0           1       1
183115747156745         0           1       1
283708289991521         0           1       1
298851152973797         0           1       1
382539382432741         0           1       1
451740048139805         0           1       1
590222604844777         0           1       1
657073400988041         0           1       1
793041759742385         0           1       1
849961419457561         0           1       1
944744019346217         0           1       1
968231630344597         0           1       1
1019459751361405         0           1       1
1210941783807937         0           1       1
1321147650748445         0           1       1
1350694596903961         0           1       1
1546836642473405         0           1       1
2146497463530785         0           1       1
2277877066865137         0           1       1
3017890256875073         0           1       1
3578980667078293         0           1       1
4766158224983893         0           1       1
5516066246024321         0           1       1
5813893046024093         0           1       1
7026157933195613         0           1       1
7291084818881285         0           1       1
7565365622404889         0           1       1
9183351821115805         0           1       1
9385713524810297         0           1       1
9446977923957565         0           1       1
10228704529657181         0           1       1
12280947698152505         0           1       1
16882798359183037         0           1       1
20374855040380805         0           1       1
21015802691152685         0           1       1
27359227280136601         0           1       1
27909864538036801         0           1       1
30805999591330265         0           1       1
31441289541598765         0           1       1
34227830589326245         0           1       1
36020205616095845         0           1       1
42722857670352925         0           1       1
58536158470221581         0           1       1
65683537180389629         0           1       1
66637062253352137         0           1       1
85186792721404273         0           1       1
111453260296346905         0           1       1
139735825449481925         0           1       1
164762718982330097         0           1       1
177890263879757425         0           1       1
206599282841988857         0           1       1
214530987128651245         0           1       1
219511995658637305         0           1       1
224148427478728801         0           1       1
263494752020635645         0           1       1
383019462789474113         0           1       1
384190838835853205         0           1       1
572764952757494165         0           1       1
658005510878888885         0           1       1
1559068645568690705         0           1       1
1684997193331473545         0           1       1
1820793141148151297         0           1       1
1837971620798254505         0           1       1
1895111474042579717         0           1       1
2341566387645771845         0           1       1
2653529939520359861         0           1       1
3141860401771280969         0           1       1
3421166832068002085         0           1       1
4223912591310181093         0           1       1
5679845947397126921         0           1       1
6272595595385543645         0           1       1
10982282674448789285         0           1       1
11018769011530050065         0           1       1
11926842288270271037         0           1       1
12188833497269572981         0           1       1
13292523490892128613         0           1       1
15037810507126585945         0           1       1
21494029751507325557         0           1       1
34059350954149342753         0           1       1
36181208203535323321         0           1       1
43028632310010261821         0           1       1
75779252682646537345         0           1       1
97090068300965658265         0           1       1
106771350378763683925         0           1       1
130627871554403600401         0           1       1
154813605922550351605         0           1       1
237817454636315988185         0           1       1
243850422757323112429         0           1       1
261326400283096392593         0           1       1
309892726112026452245         0           1       1
341038565390233978825         0           1       1
461971369504176567625         0           1       1
491866089318428518621         0           1       1
604700495089193315993         0           1       1
620442318886947655757         0           1       1
626459304546684054661         0           1       1
678513952720481289185         0           1       1
891455171283447481145         0           1       1
986581667155691857165         0           1       1
1470631386271961169925         0           1       1
1837581883045655029625         0           1       1
2061331885061679836153         0           1       1
2208814523224357854845         0           1       1
2460224391190777317065         0           1       1
2579713779223979757385         0           1       1
4439722195391129651705         0           1       1
4497212789358213431953         0           1       1
7185416856094423077385         0           1       1
8367805878652133891225         0           1       1
9865001296666956406909         0           1       1
10091133016783998940241         0           1       1
12755976753725984792525         0           1       1
16795048778046602165621         0           1       1
17971254172568974706125         0           1       1
18640986378417772615285         0           1       1
100239276300213316147661         0           1       1
113146562335697991571841         0           1       1
120358704037480100216953         0           1       1
161018695948237556165021         0           1       1
164989794549889206839257         0           1       1
398187115544992467645737         0           1       1
444493676268463055914901         0           1       1
470162745703974776753345         0           1       1
1046617608991946937397565         0           1       1
1395293030094573352283125         0           1       1
1546950794978232497464885         0           1       1
2033149897374051288554461         0           1       1
2088718114702231756491905         0           1       1
2371696115380807559791481         0           1       1
2444206721901933880317505         0           1       1
3720096900128283835088473         0           1       1
4217967054222495204679073         0           1       1
4340261295760914758202517         0           1       1
5745796381280420432166845         0           1       1
6098898790460359344402565         0           1       1
17141444670873152144905325         0           1       1
18261063295668900784053085         0           1       1
22706248681919666395749029         0           1       1
24933565795489475497866445         0           1       1
26478312606527663088656177         0           1       1
48101800993926286825197725         0           1       1
58381858883826251737595585         0           1       1
67713250966712601620081837         0           1       1
70546398748014286809303301         0           1       1
81623726048659056680451265         0           1       1
103856257997719545354848305         0           1       1
144500853868305131293944445         0           1       1
151571552388695060249183797         0           1       1
228613524700100709768148745         0           1       1
375816573334545637714354805         0           1       1
439986011811496573464841985         0           1       1
519858086289147401962596901         0           1       1
552573732045165317517403349         0           1       1
976130941913530064919424381         0           1       1
1704229411580575318052791565         0           1       1
4020946761649624627718144845         0           1       1
4426371133735626085552123445         0           1       1
14964952932154520840080376605         0           1       1
27852977315581083776164270121         0           1       1
44059895406126448670110410505         0           1       1
72814537696742108814167666009         0           1       1
98859201191538868938108851713         0           1       1
159970038829555308458832741845         0           1       1
238166320161674016551884078145         0           1       1
247051456555228090946659082305         0           1       1
427023993381948676807593764837         0           1       1
466780208292794695805842579405         0           1       1
808445370637135345218841693805         0           1       1
933566964054374671074594187945         0           1       1
1565831322153656243947011679505         0           1       1
5115334647269086547683893290569         0           1       1
5767949505076394676092612487905         0           1       1
6470397549647933907764628434765         0           1       1
7558192801525484534768590401805         0           1       1
7592673960857586911136411209269         0           1       1
10818642909512645144987707179617         0           1       1
15431724672847972570242853826845         0           1       1
17288447805026573987922255932653         0           1       1
18039352976854747601706023124433         0           1       1
19091109954877549377230611740005         0           1       1
23584833210518822858645209158665         0           1       1
75177300432401039405161821480125         0           1       1
274467918059139017587150815234817         0           1       1
929622930226573693769864204943641         0           1       1
1572856284250054995873985227611945         0           1       1
1954891525613264593215193418208253         0           1       1
3940603592440589186792668219155493         0           1       1
15190418349378359832517839447959173         0           1       1
24562535392006969695493348216896493         0           1       1
28403378649002619330530716373912393         0           1       1
86871832084583873601621533570831549         0           1       1
125091809692951067442926516968174705         0           1       1
176499200680758894072067730693233165         0           1       1
669312521368524302783493955292768425         0           1       1
1027656090785951926581378686588053009         0           1       1
1310553680565023443278533340234902285         0           1       1
1393793173905903098261469193463230841         0           1       1
4561049448055548051888279354193031653         0           1       1
4679745680929523667932037310136947865         0           1       1
16626810773864917809139999584439677665         0           1       1
24093383896727483428141112399205123577         0           1       1
25311832986903845282419152520376649329         0           1       1
28697270918977139259302965754900025673         0           1       1
42303720684058648676810515961897435129         0           1       1
94222013937065332196362636713236316665         0           1       1
217183299242916279634890326216262815029         0           1       1
517051153198032838369737780930235336285         0           1       1
641653630983894845799886516985041024493         0           1       1
3888242543412506195282736623908693341145         0           1       1
4516111243923731418710983804874774318657         0           1       1
71845400189696526470403056890448833947665         0           1       1
253207817312059057021841082272711737615897         0           1       1
2511259971124808643276314433099909110267245         0           1       1
4642027011546909868701707815998249106466921         0           1       1
24020472863889191534318386913393290031716825         0           1       1
55303072196460409518110054061413241235122221         0           1       1
62287626015190777003787994644838401930814013         0           1       1
266324730888836455144311540330189608728393325         0           1       1
353595342817093691995114363250290580182114993         0           1       1
404562871738403858498178700712067553389336805         0           1       1
1143557797720400778859828282917053835864354053         0           1       1
38081319968893806997562134652020942285407344501         0           1       1
42731878878430983047722050842457079024438077101         0           1       1
95653298658644175706772503384950809146174582465         0           1       1
2279240254291199976853900349102881247377101172129         0           1       1
3671160563992416512293252132378713608770331468725         0           1       1
6754747647688129356143491393080451041319030133105         0           1       1
135577534004649595608478940148232618754255880773065         0           1       1
2429748480440732746463699684115731298468044996905973         0           1       1
7565513692976193152924229576191347262650745668520785         0           1       1
34435535365093666806977837826528338499500049881767421         0           1       1
150656258826990131844004069342167169293658826839736405         0           1       1
360436857862824156968673207838589900191637720179459985         0           1       1
532637072107989259990720779443014594911795082891071733         0           1       1
3155082042870111774917040593132099363459416652485486373         0           1       1
1797041243013587252509791534734510475648499999241257790885         0           1       1
24326905954052143333902025050273691674394163694002945768225         0           1       1
974960601474157485161355490292381318236449609672199561866709         0           1       1
197686583265415641930508207302202018840458515588840824692125353         0           1       1
35200294750655465466263253996080078977893573108486300076515407765         0           1       1
21302787848384257639507413445739158081816509426237394770734794757169685         0           1       1

Rule test: 'neg-Pell solvable => finite iff y0 in {1,5}'
  y0 in {1,5} but is_finite=False (exceptions): 0
  y0 not in {1,5} but is_finite=True (exceptions): 0
